142     1
142     2
162     3
209     4
211     5
326     6
330     7
347     8
358     9
381     10
418     11
420     12
420     13
429     14
437     15
440     16
458     17
465     18
468     19
478     20
482     21
494     22
499     23
501     24
533     25
534     26
535     27
553     28
554     29
555     30
566     31
599     32
607     33
615     34
635     35
662     36
678     37
689     38
690     39
704     40
717     41
727     42
732     43
742     44
744     45
746     46
749     47
755     48
760     49
762     50
773     51
780     52
793     53
794     54
812     55
835     56
836     57
837     58
841     59
844     60
859     61
867     62
901     63
909     64
912     65
919     66
922     67
923     68
926     69
927     70
928     71
937     72
942     73
951     74
953     75
956     76
957     77
999     78
1001     79
1009     80
1017     81
1023     82
1027     83
1029     84
1050     85
1052     86
1054     87
1055     88
1070     89
1073     90
1077     91
1088     92
1089     93
1093     94
1111     95
1129     96
1139     97
1143     98
1148     99
1154     100
1155     101
1156     102
1158     103
1161     104
1168     105
1170     106
1172     107
1177     108
1177     109
1179     110
1182     111
1184     112
1187     113
1198     114
1198     115
1203     116
1204     117
1212     118
1224     119
1229     120
1234     121
1243     122
1245     123
1247     124
1260     125
1268     126
1270     127
1280     128
1280     129
1280     130
1284     131
1284     132
1288     133
1291     134
1296     135
1301     136
1306     137
1310     138
1313     139
1322     140
1323     141
1325     142
1329     143
1332     144
1334     145
1344     146
1345     147
1347     148
1356     149
1363     150
1366     151
1379     152
1391     153
1391     154
1391     155
1395     156
1399     157
1400     158
1406     159
1407     160
1414     161
1416     162
1416     163
1418     164
1419     165
1421     166
1429     167
1431     168
1441     169
1446     170
1450     171
1452     172
1453     173
1457     174
1459     175
1459     176
1462     177
1463     178
1483     179
1485     180
1486     181
1489     182
1489     183
1507     184
1511     185
1517     186
1535     187
1542     188
1546     189
1547     190
1557     191
1557     192
1560     193
1561     194
1561     195
1562     196
1562     197
1564     198
1564     199
1577     200
1582     201
1587     202
1593     203
1595     204
1595     205
1598     206
1612     207
1617     208
1618     209
1618     210
1618     211
1626     212
1627     213
1630     214
1647     215
1654     216
1656     217
1657     218
1659     219
1678     220
1679     221
1682     222
1693     223
1698     224
1698     225
1704     226
1710     227
1712     228
1715     229
1718     230
1723     231
1725     232
1726     233
1727     234
1727     235
1733     236
1746     237
1748     238
1748     239
1749     240
1754     241
1758     242
1764     243
1765     244
1767     245
1768     246
1771     247
1771     248
1771     249
1773     250
1776     251
1776     252
1778     253
1780     254
1781     255
1784     256
1784     257
1785     258
1787     259
1790     260
1790     261
1790     262
1796     263
1796     264
1797     265
1798     266
1806     267
1806     268
1807     269
1808     270
1813     271
1820     272
1822     273
1833     274
1836     275
1836     276
1836     277
1840     278
1841     279
1843     280
1844     281
1850     282
1867     283
1869     284
1873     285
1880     286
1886     287
1886     288
1888     289
1898     290
1898     291
1900     292
1901     293
1913     294
1921     295
1931     296
1944     297
1969     298
1977     299
1977     300
1991     301
1994     302
1998     303
2001     304
2002     305
2003     306
2006     307
2010     308
2013     309
2014     310
2024     311
2025     312
2028     313
2044     314
2047     315
2059     316
2060     317
2062     318
2062     319
2065     320
2069     321
2069     322
2069     323
2071     324
2072     325
2086     326
2088     327
2090     328
2092     329
2098     330
2120     331
2123     332
2144     333
2144     334
2153     335
2155     336
2164     337
2182     338
2183     339
2185     340
2186     341
2190     342
2190     343
2193     344
2196     345
2197     346
2202     347
2208     348
2228     349
2231     350
2231     351
2235     352
2250     353
2256     354
2256     355
2266     356
2301     357
2303     358
2311     359
2315     360
2320     361
2333     362
2337     363
2343     364
2345     365
2346     366
2360     367
2369     368
2379     369
2383     370
2394     371
2408     372
2415     373
2421     374
2428     375
2430     376
2432     377
2436     378
2439     379
2447     380
2450     381
2453     382
2457     383
2468     384
2479     385
2483     386
2489     387
2496     388
2507     389
2510     390
2511     391
2514     392
2528     393
2561     394
2564     395
2567     396
2580     397
2603     398
2609     399
2621     400
2630     401
2640     402
2667     403
2668     404
2685     405
2686     406
2689     407
2695     408
2715     409
2719     410
2738     411
2743     412
2745     413
2750     414
2757     415
2779     416
2798     417
2802     418
2812     419
2813     420
2825     421
2845     422
2855     423
2866     424
2869     425
2877     426
2878     427
2931     428
2932     429
2938     430
2953     431
2953     432
2957     433
2960     434
2978     435
2979     436
2985     437
2986     438
2991     439
2996     440
3010     441
3032     442
3058     443
3085     444
3093     445
3100     446
3128     447
3151     448
3152     449
3156     450
3168     451
3173     452
3254     453
3262     454
3276     455
3294     456
3315     457
3335     458
3341     459
3367     460
3404     461
3453     462
3462     463
3473     464
3500     465
3510     466
3548     467
3583     468
3594     469
3636     470
3636     471
3688     472
3712     473
3735     474
3835     475
3938     476
4036     477
4041     478
4107     479
4225     480
4281     481
4337     482
4409     483
4535     484
4543     485
