142     1
142     2
162     3
209     4
211     5
326     6
330     7
347     8
358     9
381     10
418     11
420     12
420     13
429     14
437     15
440     16
458     17
465     18
468     19
478     20
482     21
494     22
499     23
501     24
533     25
534     26
535     27
553     28
554     29
555     30
566     31
599     32
607     33
615     34
635     35
662     36
678     37
689     38
704     39
717     40
727     41
732     42
742     43
744     44
746     45
755     46
761     47
762     48
773     49
780     50
793     51
794     52
796     53
812     54
817     55
836     56
837     57
841     58
847     59
859     60
864     61
867     62
884     63
886     64
901     65
901     66
909     67
910     68
912     69
914     70
921     71
926     72
934     73
942     74
943     75
943     76
957     77
959     78
970     79
973     80
990     81
996     82
997     83
1001     84
1011     85
1023     86
1032     87
1042     88
1042     89
1045     90
1050     91
1054     92
1061     93
1065     94
1066     95
1067     96
1073     97
1073     98
1076     99
1088     100
1098     101
1099     102
1102     103
1103     104
1103     105
1111     106
1111     107
1119     108
1120     109
1122     110
1126     111
1143     112
1149     113
1149     114
1156     115
1160     116
1161     117
1166     118
1170     119
1170     120
1178     121
1182     122
1185     123
1187     124
1190     125
1201     126
1204     127
1205     128
1206     129
1210     130
1214     131
1220     132
1228     133
1229     134
1229     135
1234     136
1237     137
1242     138
1244     139
1245     140
1245     141
1247     142
1254     143
1257     144
1257     145
1258     146
1260     147
1260     148
1272     149
1277     150
1279     151
1280     152
1284     153
1286     154
1288     155
1289     156
1292     157
1296     158
1297     159
1302     160
1307     161
1316     162
1322     163
1327     164
1337     165
1344     166
1344     167
1347     168
1350     169
1353     170
1360     171
1367     172
1367     173
1367     174
1375     175
1379     176
1383     177
1384     178
1392     179
1394     180
1400     181
1403     182
1405     183
1417     184
1422     185
1434     186
1443     187
1446     188
1448     189
1450     190
1451     191
1453     192
1463     193
1465     194
1466     195
1481     196
1486     197
1506     198
1519     199
1528     200
1533     201
1535     202
1536     203
1541     204
1541     205
1555     206
1563     207
1572     208
1573     209
1578     210
1580     211
1586     212
1587     213
1587     214
1593     215
1593     216
1602     217
1611     218
1615     219
1622     220
1626     221
1630     222
1632     223
1638     224
1639     225
1654     226
1654     227
1655     228
1657     229
1660     230
1664     231
1666     232
1667     233
1667     234
1672     235
1674     236
1678     237
1678     238
1685     239
1695     240
1710     241
1716     242
1718     243
1722     244
1722     245
1723     246
1723     247
1730     248
1732     249
1737     250
1741     251
1745     252
1745     253
1748     254
1749     255
1750     256
1754     257
1762     258
1765     259
1766     260
1770     261
1773     262
1784     263
1793     264
1796     265
1797     266
1799     267
1803     268
1806     269
1807     270
1810     271
1810     272
1810     273
1813     274
1818     275
1822     276
1826     277
1834     278
1847     279
1867     280
1877     281
1882     282
1887     283
1895     284
1897     285
1898     286
1899     287
1913     288
1917     289
1921     290
1921     291
1922     292
1925     293
1928     294
1929     295
1933     296
1939     297
1942     298
1945     299
1948     300
1980     301
1988     302
1997     303
1997     304
2000     305
2005     306
2012     307
2031     308
2036     309
2053     310
2054     311
2058     312
2067     313
2069     314
2070     315
2080     316
2080     317
2082     318
2084     319
2088     320
2089     321
2091     322
2103     323
2105     324
2111     325
2119     326
2125     327
2147     328
2153     329
2153     330
2156     331
2156     332
2158     333
2160     334
2161     335
2162     336
2164     337
2174     338
2174     339
2183     340
2193     341
2194     342
2203     343
2207     344
2208     345
2225     346
2232     347
2234     348
2237     349
2239     350
2250     351
2251     352
2265     353
2266     354
2272     355
2273     356
2279     357
2281     358
2282     359
2288     360
2295     361
2295     362
2296     363
2300     364
2304     365
2307     366
2310     367
2315     368
2320     369
2322     370
2326     371
2332     372
2340     373
2343     374
2343     375
2344     376
2355     377
2361     378
2365     379
2368     380
2375     381
2385     382
2394     383
2396     384
2403     385
2409     386
2431     387
2434     388
2442     389
2445     390
2467     391
2480     392
2482     393
2510     394
2515     395
2524     396
2526     397
2530     398
2543     399
2550     400
2559     401
2560     402
2566     403
2569     404
2590     405
2593     406
2605     407
2606     408
2612     409
2616     410
2621     411
2626     412
2627     413
2630     414
2639     415
2643     416
2661     417
2663     418
2675     419
2681     420
2684     421
2688     422
2689     423
2693     424
2696     425
2712     426
2742     427
2764     428
2766     429
2770     430
2772     431
2795     432
2812     433
2825     434
2826     435
2835     436
2840     437
2855     438
2859     439
2861     440
2876     441
2900     442
2909     443
2915     444
2919     445
2931     446
2952     447
2960     448
2967     449
2976     450
3034     451
3095     452
3121     453
3123     454
3171     455
3204     456
3253     457
3254     458
3258     459
3274     460
3307     461
3400     462
3405     463
3425     464
3504     465
3510     466
3517     467
3525     468
3575     469
