142     1
142     2
162     3
209     4
211     5
326     6
330     7
347     8
358     9
381     10
418     11
420     12
420     13
429     14
437     15
440     16
458     17
465     18
468     19
478     20
482     21
494     22
499     23
501     24
533     25
534     26
535     27
553     28
554     29
555     30
566     31
599     32
607     33
613     34
615     35
635     36
662     37
678     38
689     39
704     40
717     41
718     42
727     43
732     44
742     45
744     46
746     47
750     48
755     49
762     50
773     51
780     52
785     53
792     54
793     55
794     56
798     57
812     58
815     59
830     60
836     61
837     62
841     63
852     64
859     65
867     66
885     67
901     68
905     69
909     70
912     71
917     72
917     73
921     74
922     75
926     76
942     77
948     78
957     79
957     80
957     81
974     82
981     83
996     84
1001     85
1011     86
1011     87
1016     88
1023     89
1038     90
1039     91
1042     92
1045     93
1050     94
1052     95
1053     96
1054     97
1057     98
1064     99
1069     100
1069     101
1073     102
1082     103
1088     104
1093     105
1094     106
1098     107
1099     108
1105     109
1111     110
1114     111
1115     112
1132     113
1136     114
1139     115
1143     116
1154     117
1155     118
1161     119
1162     120
1163     121
1166     122
1167     123
1170     124
1173     125
1175     126
1182     127
1186     128
1187     129
1189     130
1192     131
1203     132
1203     133
1204     134
1208     135
1212     136
1225     137
1228     138
1245     139
1249     140
1249     141
1249     142
1258     143
1260     144
1267     145
1274     146
1280     147
1284     148
1288     149
1292     150
1294     151
1296     152
1297     153
1302     154
1307     155
1310     156
1311     157
1316     158
1322     159
1323     160
1324     161
1331     162
1332     163
1338     164
1344     165
1345     166
1350     167
1356     168
1359     169
1372     170
1385     171
1389     172
1389     173
1398     174
1400     175
1410     176
1413     177
1428     178
1430     179
1434     180
1444     181
1445     182
1447     183
1448     184
1450     185
1453     186
1460     187
1462     188
1463     189
1464     190
1468     191
1471     192
1476     193
1478     194
1486     195
1494     196
1497     197
1506     198
1513     199
1525     200
1532     201
1541     202
1543     203
1543     204
1551     205
1555     206
1556     207
1559     208
1561     209
1563     210
1584     211
1588     212
1590     213
1590     214
1593     215
1594     216
1596     217
1598     218
1602     219
1614     220
1615     221
1615     222
1619     223
1629     224
1648     225
1651     226
1654     227
1654     228
1658     229
1663     230
1663     231
1666     232
1667     233
1677     234
1677     235
1678     236
1687     237
1688     238
1688     239
1700     240
1708     241
1718     242
1720     243
1720     244
1721     245
1722     246
1723     247
1730     248
1734     249
1736     250
1738     251
1743     252
1747     253
1748     254
1749     255
1750     256
1754     257
1758     258
1765     259
1769     260
1788     261
1795     262
1796     263
1797     264
1800     265
1801     266
1805     267
1806     268
1806     269
1815     270
1816     271
1822     272
1825     273
1832     274
1833     275
1840     276
1841     277
1843     278
1850     279
1851     280
1855     281
1859     282
1866     283
1867     284
1871     285
1875     286
1885     287
1890     288
1893     289
1898     290
1899     291
1901     292
1907     293
1909     294
1912     295
1930     296
1934     297
1936     298
1942     299
1950     300
1954     301
1962     302
1979     303
1990     304
1999     305
2002     306
2008     307
2008     308
2009     309
2011     310
2016     311
2016     312
2022     313
2023     314
2034     315
2039     316
2039     317
2045     318
2054     319
2057     320
2058     321
2061     322
2068     323
2069     324
2071     325
2071     326
2088     327
2090     328
2091     329
2098     330
2110     331
2117     332
2118     333
2120     334
2120     335
2123     336
2130     337
2143     338
2155     339
2155     340
2157     341
2161     342
2164     343
2167     344
2169     345
2182     346
2183     347
2187     348
2213     349
2220     350
2228     351
2238     352
2239     353
2252     354
2255     355
2258     356
2267     357
2277     358
2281     359
2284     360
2303     361
2305     362
2317     363
2321     364
2337     365
2340     366
2343     367
2361     368
2366     369
2368     370
2370     371
2374     372
2375     373
2387     374
2397     375
2399     376
2399     377
2404     378
2409     379
2416     380
2426     381
2433     382
2437     383
2441     384
2452     385
2459     386
2463     387
2473     388
2491     389
2494     390
2496     391
2499     392
2501     393
2501     394
2502     395
2510     396
2525     397
2542     398
2553     399
2555     400
2559     401
2570     402
2588     403
2589     404
2595     405
2598     406
2606     407
2609     408
2621     409
2623     410
2630     411
2630     412
2674     413
2680     414
2682     415
2683     416
2684     417
2689     418
2695     419
2699     420
2703     421
2706     422
2716     423
2721     424
2730     425
2731     426
2752     427
2757     428
2780     429
2786     430
2787     431
2800     432
2806     433
2813     434
2825     435
2853     436
2874     437
2902     438
2911     439
2914     440
2929     441
2932     442
2938     443
2946     444
2960     445
2995     446
3002     447
3056     448
3086     449
3095     450
3104     451
3146     452
3149     453
3153     454
3164     455
3200     456
3212     457
3244     458
3251     459
3251     460
3280     461
3298     462
3302     463
3337     464
3385     465
3388     466
3400     467
3424     468
3526     469
3583     470
3606     471
3620     472
3621     473
3636     474
3663     475
3729     476
3743     477
3780     478
3789     479
3939     480
3953     481
4046     482
4152     483
4469     484
4496     485
4550     486
4562     487
4977     488
