142     1
142     2
162     3
209     4
211     5
326     6
330     7
347     8
358     9
381     10
418     11
420     12
420     13
429     14
437     15
440     16
458     17
465     18
468     19
478     20
482     21
494     22
499     23
501     24
533     25
534     26
535     27
553     28
554     29
555     30
566     31
599     32
607     33
615     34
635     35
662     36
678     37
689     38
704     39
717     40
727     41
732     42
742     43
744     44
746     45
750     46
755     47
762     48
773     49
774     50
780     51
793     52
794     53
796     54
812     55
836     56
837     57
837     58
841     59
850     60
859     61
867     62
895     63
901     64
906     65
909     66
912     67
925     68
926     69
936     70
942     71
957     72
969     73
985     74
987     75
987     76
1000     77
1001     78
1004     79
1006     80
1014     81
1023     82
1024     83
1035     84
1042     85
1050     86
1054     87
1054     88
1055     89
1059     90
1073     91
1076     92
1086     93
1088     94
1093     95
1101     96
1107     97
1111     98
1125     99
1130     100
1143     101
1151     102
1159     103
1161     104
1167     105
1170     106
1187     107
1193     108
1193     109
1202     110
1203     111
1204     112
1206     113
1209     114
1211     115
1213     116
1213     117
1221     118
1222     119
1222     120
1224     121
1225     122
1232     123
1232     124
1233     125
1238     126
1239     127
1251     128
1258     129
1260     130
1260     131
1261     132
1270     133
1276     134
1280     135
1282     136
1284     137
1284     138
1285     139
1288     140
1296     141
1298     142
1301     143
1302     144
1303     145
1303     146
1311     147
1314     148
1322     149
1332     150
1336     151
1337     152
1344     153
1352     154
1353     155
1356     156
1359     157
1359     158
1375     159
1379     160
1382     161
1384     162
1384     163
1385     164
1385     165
1385     166
1391     167
1396     168
1400     169
1403     170
1405     171
1415     172
1420     173
1423     174
1425     175
1429     176
1437     177
1438     178
1438     179
1443     180
1445     181
1445     182
1448     183
1448     184
1450     185
1453     186
1459     187
1462     188
1463     189
1465     190
1468     191
1469     192
1472     193
1472     194
1479     195
1481     196
1482     197
1486     198
1486     199
1494     200
1502     201
1502     202
1506     203
1507     204
1511     205
1521     206
1524     207
1525     208
1542     209
1542     210
1553     211
1563     212
1600     213
1619     214
1648     215
1649     216
1650     217
1652     218
1658     219
1662     220
1663     221
1663     222
1666     223
1667     224
1668     225
1678     226
1684     227
1684     228
1691     229
1698     230
1716     231
1717     232
1718     233
1718     234
1718     235
1721     236
1723     237
1734     238
1739     239
1748     240
1748     241
1749     242
1754     243
1754     244
1755     245
1756     246
1761     247
1764     248
1765     249
1766     250
1770     251
1781     252
1788     253
1793     254
1796     255
1801     256
1806     257
1806     258
1806     259
1807     260
1808     261
1822     262
1830     263
1837     264
1838     265
1842     266
1844     267
1847     268
1852     269
1862     270
1868     271
1869     272
1871     273
1872     274
1879     275
1881     276
1893     277
1897     278
1898     279
1905     280
1919     281
1923     282
1923     283
1927     284
1929     285
1938     286
1938     287
1947     288
1949     289
1949     290
1955     291
1957     292
1961     293
1961     294
1962     295
1966     296
1967     297
1973     298
1974     299
1977     300
1979     301
1979     302
1980     303
1984     304
1986     305
1987     306
1988     307
1996     308
1997     309
2010     310
2017     311
2021     312
2023     313
2033     314
2039     315
2044     316
2055     317
2055     318
2060     319
2060     320
2064     321
2064     322
2069     323
2080     324
2081     325
2088     326
2097     327
2102     328
2116     329
2119     330
2120     331
2123     332
2129     333
2150     334
2156     335
2166     336
2174     337
2182     338
2190     339
2197     340
2197     341
2199     342
2200     343
2204     344
2205     345
2210     346
2219     347
2232     348
2258     349
2260     350
2275     351
2282     352
2290     353
2290     354
2298     355
2328     356
2330     357
2331     358
2331     359
2341     360
2343     361
2352     362
2352     363
2373     364
2383     365
2422     366
2422     367
2429     368
2443     369
2444     370
2450     371
2460     372
2466     373
2467     374
2479     375
2484     376
2486     377
2491     378
2510     379
2512     380
2536     381
2541     382
2541     383
2549     384
2553     385
2559     386
2566     387
2571     388
2581     389
2589     390
2591     391
2593     392
2603     393
2621     394
2624     395
2629     396
2631     397
2641     398
2645     399
2653     400
2684     401
2697     402
2704     403
2704     404
2718     405
2719     406
2719     407
2727     408
2730     409
2737     410
2740     411
2747     412
2757     413
2761     414
2790     415
2816     416
2816     417
2825     418
2825     419
2850     420
2855     421
2866     422
2898     423
2911     424
2912     425
2922     426
2948     427
2960     428
2966     429
2969     430
2972     431
2978     432
3008     433
3023     434
3024     435
3042     436
3044     437
3055     438
3056     439
3056     440
3058     441
3066     442
3095     443
3096     444
3102     445
3113     446
3125     447
3163     448
3181     449
3181     450
3196     451
3198     452
3211     453
3214     454
3233     455
3250     456
3262     457
3272     458
3277     459
3309     460
3326     461
3337     462
3353     463
3361     464
3375     465
3392     466
3401     467
3426     468
3504     469
3513     470
3516     471
3524     472
3620     473
3648     474
3655     475
3665     476
3723     477
3823     478
4045     479
4058     480
4140     481
4435     482
4470     483
4668     484
4837     485
