142     1
142     2
162     3
209     4
211     5
326     6
330     7
347     8
358     9
381     10
418     11
420     12
420     13
429     14
437     15
440     16
458     17
465     18
468     19
478     20
482     21
494     22
499     23
501     24
533     25
534     26
535     27
553     28
554     29
555     30
566     31
594     32
599     33
607     34
615     35
635     36
651     37
662     38
672     39
678     40
689     41
696     42
704     43
717     44
727     45
732     46
742     47
744     48
746     49
755     50
762     51
770     52
773     53
780     54
793     55
794     56
798     57
811     58
812     59
830     60
836     61
837     62
841     63
847     64
851     65
858     66
859     67
866     68
867     69
882     70
894     71
901     72
909     73
912     74
926     75
937     76
942     77
953     78
957     79
966     80
980     81
984     82
984     83
986     84
993     85
998     86
1001     87
1015     88
1019     89
1020     90
1023     91
1023     92
1033     93
1034     94
1038     95
1050     96
1051     97
1054     98
1067     99
1072     100
1073     101
1079     102
1088     103
1093     104
1093     105
1104     106
1111     107
1111     108
1114     109
1143     110
1143     111
1150     112
1161     113
1168     114
1170     115
1171     116
1173     117
1174     118
1179     119
1181     120
1187     121
1188     122
1190     123
1193     124
1194     125
1195     126
1198     127
1203     128
1204     129
1205     130
1207     131
1217     132
1218     133
1221     134
1225     135
1226     136
1236     137
1238     138
1242     139
1242     140
1243     141
1250     142
1251     143
1253     144
1260     145
1274     146
1280     147
1281     148
1284     149
1285     150
1286     151
1286     152
1296     153
1304     154
1305     155
1310     156
1314     157
1320     158
1322     159
1330     160
1344     161
1351     162
1353     163
1353     164
1363     165
1366     166
1368     167
1370     168
1371     169
1373     170
1382     171
1382     172
1392     173
1393     174
1400     175
1407     176
1409     177
1410     178
1411     179
1412     180
1417     181
1423     182
1429     183
1431     184
1440     185
1450     186
1452     187
1453     188
1463     189
1465     190
1478     191
1480     192
1486     193
1494     194
1498     195
1507     196
1508     197
1510     198
1511     199
1512     200
1514     201
1532     202
1535     203
1537     204
1538     205
1546     206
1548     207
1549     208
1551     209
1554     210
1554     211
1557     212
1557     213
1559     214
1563     215
1583     216
1588     217
1588     218
1603     219
1605     220
1607     221
1609     222
1611     223
1624     224
1637     225
1640     226
1641     227
1667     228
1668     229
1678     230
1680     231
1684     232
1693     233
1702     234
1705     235
1708     236
1717     237
1717     238
1718     239
1718     240
1723     241
1723     242
1727     243
1728     244
1735     245
1738     246
1744     247
1748     248
1749     249
1750     250
1752     251
1754     252
1755     253
1757     254
1761     255
1765     256
1776     257
1779     258
1787     259
1789     260
1790     261
1796     262
1804     263
1806     264
1807     265
1809     266
1811     267
1811     268
1820     269
1822     270
1827     271
1830     272
1834     273
1835     274
1854     275
1859     276
1859     277
1862     278
1867     279
1869     280
1869     281
1876     282
1883     283
1885     284
1894     285
1898     286
1904     287
1915     288
1917     289
1922     290
1925     291
1930     292
1940     293
1949     294
1963     295
1973     296
1983     297
1987     298
1987     299
1992     300
1992     301
1993     302
2000     303
2002     304
2008     305
2012     306
2016     307
2021     308
2023     309
2025     310
2026     311
2028     312
2035     313
2037     314
2038     315
2042     316
2048     317
2052     318
2054     319
2055     320
2058     321
2058     322
2069     323
2072     324
2080     325
2083     326
2085     327
2085     328
2087     329
2090     330
2094     331
2095     332
2107     333
2120     334
2133     335
2146     336
2151     337
2151     338
2164     339
2165     340
2168     341
2175     342
2181     343
2209     344
2213     345
2216     346
2225     347
2231     348
2236     349
2271     350
2274     351
2275     352
2287     353
2288     354
2288     355
2308     356
2311     357
2320     358
2322     359
2328     360
2329     361
2336     362
2340     363
2340     364
2342     365
2343     366
2346     367
2347     368
2356     369
2361     370
2363     371
2366     372
2385     373
2386     374
2389     375
2401     376
2403     377
2408     378
2410     379
2411     380
2423     381
2430     382
2448     383
2452     384
2457     385
2466     386
2475     387
2487     388
2491     389
2495     390
2502     391
2507     392
2508     393
2510     394
2513     395
2514     396
2526     397
2526     398
2529     399
2536     400
2539     401
2546     402
2557     403
2575     404
2585     405
2586     406
2587     407
2598     408
2612     409
2619     410
2621     411
2636     412
2636     413
2646     414
2659     415
2664     416
2678     417
2684     418
2697     419
2718     420
2721     421
2726     422
2732     423
2736     424
2739     425
2746     426
2753     427
2763     428
2773     429
2787     430
2800     431
2817     432
2825     433
2829     434
2834     435
2873     436
2915     437
2918     438
2934     439
2950     440
2953     441
2958     442
2960     443
2966     444
3006     445
3009     446
3012     447
3024     448
3072     449
3139     450
3159     451
3196     452
3228     453
3252     454
3256     455
3312     456
3344     457
3410     458
3416     459
3434     460
3438     461
3441     462
3445     463
3477     464
3492     465
3495     466
3569     467
3570     468
3580     469
3602     470
3628     471
3653     472
3661     473
3685     474
3689     475
3824     476
3875     477
4037     478
4062     479
4099     480
4629     481
4896     482
4958     483
