137     1
162     2
194     3
216     4
247     5
283     6
283     7
363     8
378     9
397     10
401     11
402     12
436     13
484     14
492     15
515     16
519     17
530     18
543     19
546     20
566     21
593     22
594     23
597     24
617     25
628     26
628     27
635     28
642     29
666     30
666     31
667     32
669     33
684     34
687     35
694     36
694     37
697     38
706     39
709     40
721     41
723     42
727     43
736     44
737     45
761     46
767     47
778     48
814     49
817     50
833     51
847     52
860     53
867     54
880     55
880     56
888     57
888     58
898     59
907     60
910     61
922     62
931     63
942     64
947     65
953     66
963     67
967     68
978     69
978     70
984     71
986     72
990     73
1018     74
1019     75
1021     76
1025     77
1027     78
1031     79
1035     80
1036     81
1037     82
1041     83
1044     84
1054     85
1101     86
1109     87
1117     88
1117     89
1135     90
1147     91
1148     92
1150     93
1151     94
1152     95
1154     96
1160     97
1161     98
1161     99
1169     100
1173     101
1176     102
1178     103
1186     104
1197     105
1213     106
1214     107
1218     108
1221     109
1223     110
1229     111
1229     112
1231     113
1232     114
1233     115
1236     116
1236     117
1246     118
1247     119
1251     120
1251     121
1253     122
1261     123
1266     124
1292     125
1294     126
1297     127
1300     128
1301     129
1304     130
1304     131
1305     132
1306     133
1308     134
1315     135
1317     136
1321     137
1321     138
1324     139
1331     140
1341     141
1343     142
1344     143
1347     144
1348     145
1358     146
1365     147
1374     148
1378     149
1386     150
1386     151
1393     152
1397     153
1406     154
1410     155
1411     156
1414     157
1416     158
1418     159
1421     160
1429     161
1429     162
1432     163
1435     164
1439     165
1439     166
1439     167
1440     168
1440     169
1442     170
1473     171
1483     172
1496     173
1496     174
1497     175
1498     176
1499     177
1505     178
1506     179
1507     180
1507     181
1521     182
1522     183
1524     184
1524     185
1534     186
1555     187
1556     188
1560     189
1583     190
1587     191
1596     192
1598     193
1609     194
1617     195
1623     196
1625     197
1632     198
1633     199
1635     200
1636     201
1638     202
1638     203
1643     204
1654     205
1660     206
1665     207
1666     208
1667     209
1682     210
1686     211
1686     212
1687     213
1688     214
1688     215
1692     216
1699     217
1709     218
1715     219
1716     220
1717     221
1732     222
1736     223
1741     224
1745     225
1753     226
1754     227
1757     228
1762     229
1763     230
1768     231
1775     232
1786     233
1789     234
1790     235
1798     236
1801     237
1801     238
1801     239
1802     240
1807     241
1809     242
1811     243
1818     244
1820     245
1829     246
1833     247
1847     248
1847     249
1848     250
1871     251
1878     252
1879     253
1884     254
1888     255
1901     256
1904     257
1906     258
1907     259
1908     260
1912     261
1915     262
1919     263
1923     264
1926     265
1928     266
1934     267
1941     268
1948     269
1958     270
1964     271
1975     272
1978     273
1981     274
1984     275
1991     276
2018     277
2019     278
2023     279
2045     280
2050     281
2051     282
2056     283
2059     284
2063     285
2064     286
2065     287
2075     288
2081     289
2095     290
2104     291
2110     292
2113     293
2114     294
2114     295
2119     296
2128     297
2137     298
2145     299
2161     300
2169     301
2172     302
2174     303
2175     304
2188     305
2189     306
2191     307
2192     308
2198     309
2205     310
2213     311
2220     312
2222     313
2228     314
2230     315
2234     316
2258     317
2280     318
2283     319
2285     320
2291     321
2293     322
2295     323
2304     324
2312     325
2319     326
2319     327
2323     328
2344     329
2350     330
2355     331
2356     332
2359     333
2363     334
2369     335
2373     336
2373     337
2380     338
2386     339
2387     340
2388     341
2388     342
2391     343
2398     344
2414     345
2415     346
2417     347
2418     348
2424     349
2424     350
2429     351
2432     352
2442     353
2449     354
2453     355
2460     356
2467     357
2485     358
2488     359
2490     360
2491     361
2517     362
2522     363
2525     364
2530     365
2533     366
2534     367
2536     368
2549     369
2559     370
2566     371
2568     372
2572     373
2581     374
2604     375
2616     376
2628     377
2631     378
2637     379
2640     380
2642     381
2666     382
2692     383
2697     384
2701     385
2704     386
2705     387
2723     388
2730     389
2732     390
2736     391
2739     392
2741     393
2744     394
2757     395
2766     396
2768     397
2776     398
2786     399
2799     400
2814     401
2822     402
2848     403
2848     404
2868     405
2869     406
2869     407
2886     408
2892     409
2897     410
2922     411
2924     412
2936     413
2951     414
2960     415
2960     416
2998     417
3005     418
3006     419
3017     420
3030     421
3049     422
3052     423
3058     424
3064     425
3068     426
3085     427
3092     428
3099     429
3100     430
3114     431
3120     432
3125     433
3152     434
3171     435
3179     436
3184     437
3189     438
3189     439
3189     440
3200     441
3249     442
3279     443
3290     444
3323     445
3335     446
3369     447
3399     448
3427     449
3435     450
3439     451
3479     452
3504     453
3541     454
3614     455
3627     456
3700     457
3705     458
3741     459
3790     460
3807     461
3815     462
3821     463
3860     464
3878     465
3900     466
3914     467
3954     468
3991     469
4067     470
4147     471
4170     472
4185     473
4293     474
4359     475
4460     476
4465     477
4602     478
4706     479
4759     480
4907     481
4957     482
