142     1
143     2
200     3
209     4
211     5
287     6
302     7
310     8
401     9
420     10
421     11
456     12
458     13
142     1
143     2
200     3
209     4
211     5
287     6
302     7
310     8
401     9
420     10
421     11
456     12
458     13
465     14
468     15
468     16
517     17
527     18
532     19
537     20
547     21
561     22
588     23
599     24
599     25
599     26
607     27
642     28
660     29
682     30
683     31
683     32
689     33
719     34
728     35
732     36
747     37
749     38
752     39
755     40
764     41
788     42
790     43
790     44
811     45
818     46
831     47
865     48
905     49
916     50
917     51
924     52
930     53
931     54
934     55
941     56
942     57
961     58
971     59
973     60
983     61
994     62
997     63
1003     64
1015     65
1015     66
1043     67
1045     68
1064     69
1065     70
1073     71
1078     72
1080     73
1081     74
1088     75
1094     76
1095     77
1095     78
1111     79
1112     80
1123     81
1127     82
1128     83
1132     84
1137     85
1137     86
1138     87
1141     88
1150     89
1169     90
1175     91
1180     92
1182     93
1193     94
1195     95
1198     96
1208     97
1209     98
1209     99
1216     100
1220     101
1228     102
1234     103
1236     104
1237     105
1240     106
1241     107
1242     108
1242     109
1249     110
1252     111
1256     112
1261     113
1270     114
1276     115
1277     116
1281     117
1283     118
1296     119
1298     120
1307     121
1309     122
1310     123
1317     124
1323     125
1347     126
1348     127
1350     128
1351     129
1366     130
1367     131
1395     132
1400     133
1403     134
1406     135
1413     136
1419     137
1424     138
1427     139
1427     140
1427     141
1430     142
1435     143
1438     144
1446     145
1447     146
1450     147
1453     148
1461     149
1464     150
1469     151
1479     152
1482     153
1483     154
1488     155
1490     156
1490     157
1499     158
1515     159
1519     160
1534     161
1535     162
1544     163
1548     164
1551     165
1554     166
1559     167
1560     168
1562     169
1564     170
1570     171
1572     172
1573     173
1581     174
1585     175
1598     176
1599     177
1608     178
1609     179
1613     180
1617     181
1619     182
1624     183
1639     184
1645     185
1645     186
1653     187
1658     188
1664     189
1666     190
1668     191
1668     192
1675     193
1678     194
1679     195
1681     196
1684     197
1687     198
1694     199
1703     200
1703     201
1708     202
1708     203
1714     204
1715     205
1722     206
1724     207
1724     208
1725     209
1731     210
1739     211
1743     212
1745     213
1748     214
1749     215
1761     216
1762     217
1771     218
1777     219
1777     220
1783     221
1789     222
1790     223
1791     224
1796     225
1811     226
1812     227
1814     228
1819     229
1821     230
1822     231
1824     232
1829     233
1834     234
1839     235
1840     236
1844     237
1855     238
1858     239
1869     240
1881     241
1883     242
1894     243
1898     244
1900     245
1907     246
1908     247
1916     248
1920     249
1922     250
1924     251
1925     252
1927     253
1929     254
1933     255
1957     256
1958     257
1967     258
1977     259
1982     260
1984     261
1998     262
2002     263
2019     264
2021     265
2021     266
2023     267
2034     268
2036     269
2061     270
2077     271
2081     272
2084     273
2093     274
2094     275
2099     276
2100     277
2102     278
2105     279
2108     280
2109     281
2110     282
2113     283
2125     284
2139     285
2140     286
2148     287
2164     288
2165     289
2165     290
2167     291
2183     292
2185     293
2187     294
2191     295
2191     296
2195     297
2195     298
2196     299
2221     300
2233     301
2234     302
2237     303
2242     304
2242     305
2244     306
2246     307
2248     308
2260     309
2265     310
2270     311
2297     312
2302     313
2303     314
2317     315
2323     316
2326     317
2330     318
2332     319
2346     320
2350     321
2358     322
2366     323
2370     324
2376     325
2381     326
2390     327
2394     328
2398     329
2405     330
2406     331
2411     332
2418     333
2419     334
2439     335
2440     336
2444     337
2455     338
2461     339
2481     340
2482     341
2487     342
2487     343
2495     344
2501     345
2509     346
2512     347
2518     348
2529     349
2532     350
2536     351
2538     352
2539     353
2544     354
2558     355
2565     356
2567     357
2569     358
2571     359
2573     360
2578     361
2579     362
2583     363
2584     364
2595     365
2597     366
2612     367
2621     368
2626     369
2627     370
2672     371
2676     372
2724     373
2730     374
2730     375
2734     376
2745     377
2753     378
2759     379
2769     380
2790     381
2797     382
2804     383
2805     384
2811     385
2815     386
2824     387
2825     388
2835     389
2839     390
2842     391
2850     392
2867     393
2878     394
2885     395
2896     396
2898     397
2919     398
2919     399
2920     400
2930     401
2940     402
2946     403
2947     404
2949     405
2966     406
2978     407
2983     408
2987     409
2989     410
2990     411
2999     412
3004     413
3005     414
3014     415
3016     416
3027     417
3039     418
3052     419
3061     420
3065     421
3069     422
3071     423
3075     424
3098     425
3110     426
3121     427
3127     428
3128     429
3150     430
3157     431
3168     432
3175     433
3190     434
3215     435
3220     436
3245     437
3261     438
3272     439
3282     440
3296     441
3296     442
3316     443
3326     444
3326     445
3377     446
3422     447
3422     448
3429     449
3473     450
3499     451
3517     452
3556     453
3576     454
3588     455
3604     456
3606     457
3627     458
3638     459
3638     460
3679     461
3705     462
3719     463
3725     464
3782     465
3881     466
3925     467
3946     468
4016     469
4016     470
4018     471
4040     472
4047     473
4057     474
4111     475
4145     476
4190     477
4206     478
4238     479
4317     480
4332     481
4611     482
4616     483
4836     484
