142     1
142     2
162     3
209     4
211     5
326     6
330     7
347     8
358     9
381     10
418     11
420     12
420     13
429     14
437     15
440     16
458     17
465     18
468     19
478     20
482     21
494     22
499     23
501     24
533     25
534     26
535     27
553     28
554     29
555     30
566     31
599     32
607     33
615     34
635     35
662     36
678     37
689     38
690     39
704     40
717     41
727     42
732     43
742     44
744     45
746     46
749     47
755     48
760     49
762     50
773     51
780     52
793     53
794     54
812     55
835     56
836     57
837     58
841     59
844     60
859     61
867     62
901     63
909     64
912     65
919     66
922     67
923     68
926     69
927     70
928     71
937     72
942     73
951     74
953     75
956     76
957     77
999     78
1001     79
1009     80
1017     81
1023     82
1027     83
1029     84
1050     85
1052     86
1054     87
1055     88
1070     89
1073     90
1077     91
1088     92
1089     93
1093     94
1111     95
1129     96
1139     97
1143     98
1148     99
1154     100
1155     101
1156     102
1158     103
1161     104
1168     105
1170     106
1172     107
1177     108
1177     109
1179     110
1182     111
1184     112
1187     113
1198     114
1198     115
1203     116
1204     117
1212     118
1224     119
1229     120
1234     121
1243     122
1245     123
1247     124
1260     125
1268     126
1270     127
1280     128
1280     129
1280     130
1284     131
1284     132
1288     133
1291     134
1296     135
1301     136
1306     137
1310     138
1313     139
1322     140
1323     141
1325     142
1329     143
1332     144
1334     145
1344     146
1345     147
1347     148
1356     149
1363     150
1366     151
1379     152
1391     153
1391     154
1391     155
1395     156
1399     157
1400     158
1406     159
1407     160
1414     161
1416     162
1416     163
1418     164
1419     165
1421     166
1429     167
1431     168
1441     169
1446     170
1450     171
1452     172
1453     173
1457     174
1459     175
1459     176
1462     177
1463     178
1483     179
1485     180
1486     181
1489     182
1489     183
1507     184
1511     185
1517     186
1535     187
1542     188
1546     189
1547     190
1557     191
1557     192
1560     193
1561     194
1561     195
1562     196
1562     197
1564     198
1564     199
1577     200
1582     201
1587     202
1593     203
1595     204
1595     205
1598     206
1612     207
1617     208
1618     209
1618     210
1618     211
1626     212
1627     213
1630     214
1647     215
1654     216
1656     217
1657     218
1659     219
1678     220
1679     221
1682     222
1693     223
1698     224
1698     225
1704     226
1710     227
1712     228
1715     229
1718     230
1723     231
1725     232
1726     233
1727     234
1727     235
1733     236
1746     237
1748     238
1748     239
1749     240
1754     241
1758     242
1764     243
1765     244
1767     245
1768     246
1771     247
1771     248
1771     249
1773     250
1776     251
1776     252
1778     253
1780     254
1781     255
1784     256
1784     257
1785     258
1787     259
1790     260
1790     261
1790     262
1796     263
1796     264
1797     265
1798     266
1806     267
1806     268
1807     269
1808     270
1813     271
1820     272
1822     273
1833     274
1836     275
1836     276
1836     277
1840     278
1841     279
1843     280
1844     281
1850     282
1867     283
1869     284
1873     285
1880     286
1886     287
1886     288
1888     289
1898     290
1898     291
1900     292
1901     293
1913     294
1921     295
1931     296
1944     297
1969     298
1977     299
1977     300
1991     301
1994     302
1998     303
2001     304
2002     305
2003     306
2006     307
2010     308
2013     309
2014     310
2024     311
2025     312
2028     313
2044     314
2047     315
2059     316
2060     317
2062     318
2062     319
2065     320
2069     321
2069     322
2069     323
2071     324
2072     325
2086     326
2088     327
2090     328
2092     329
2098     330
2120     331
2123     332
2144     333
2144     334
2153     335
2155     336
2164     337
2182     338
2183     339
2185     340
2186     341
2190     342
2190     343
2193     344
2196     345
2197     346
2202     347
2208     348
2228     349
2231     350
2231     351
2235     352
2250     353
2256     354
2256     355
2266     356
2301     357
2303     358
2311     359
2315     360
2320     361
2333     362
2337     363
2343     364
2345     365
2346     366
2360     367
2369     368
2379     369
2383     370
2394     371
2408     372
2415     373
2421     374
2428     375
2430     376
2432     377
2436     378
2439     379
2447     380
2450     381
2453     382
2457     383
2468     384
2479     385
2483     386
2489     387
2496     388
2507     389
2510     390
2511     391
2514     392
2528     393
2561     394
2564     395
2567     396
2580     397
2603     398
2609     399
2621     400
2630     401
2640     402
2667     403
2668     404
2685     405
2686     406
2689     407
2695     408
2715     409
2719     410
2738     411
2743     412
2745     413
2750     414
2757     415
2779     416
2798     417
2802     418
2812     419
2813     420
2825     421
2845     422
2855     423
2866     424
2869     425
2877     426
2878     427
2931     428
2932     429
2938     430
2953     431
2953     432
2957     433
2960     434
2978     435
2979     436
2985     437
2986     438
2991     439
2996     440
3010     441
3032     442
3058     443
3085     444
3093     445
3100     446
3128     447
3151     448
3152     449
3156     450
3168     451
3173     452
3254     453
3262     454
3276     455
3294     456
3315     457
3335     458
3341     459
3367     460
3404     461
3453     462
3462     463
3473     464
3500     465
3510     466
3548     467
3583     468
3594     469
3636     470
3636     471
3688     472
3712     473
3735     474
3835     475
3938     476
4036     477
4041     478
4107     479
4225     480
4281     481
4337     482
4409     483
4535     484
4543     485
173     1
233     2
260     3
371     4
388     5
421     6
427     7
428     8
458     9
480     10
481     11
483     12
487     13
488     14
504     15
523     16
540     17
556     18
573     19
576     20
602     21
607     22
614     23
623     24
625     25
627     26
631     27
633     28
649     29
651     30
655     31
660     32
663     33
668     34
680     35
680     36
683     37
689     38
710     39
715     40
716     41
717     42
724     43
725     44
757     45
759     46
760     47
772     48
773     49
776     50
779     51
780     52
787     53
788     54
830     55
836     56
839     57
844     58
857     59
860     60
861     61
880     62
892     63
893     64
901     65
902     66
903     67
903     68
924     69
930     70
932     71
941     72
946     73
951     74
952     75
954     76
964     77
970     78
974     79
979     80
981     81
992     82
994     83
996     84
1002     85
1007     86
1018     87
1020     88
1020     89
1044     90
1050     91
1058     92
1058     93
1065     94
1069     95
1076     96
1083     97
1091     98
1096     99
1100     100
1109     101
1113     102
1119     103
1120     104
1127     105
1132     106
1149     107
1157     108
1161     109
1165     110
1166     111
1166     112
1173     113
1186     114
1192     115
1192     116
1200     117
1202     118
1203     119
1203     120
1208     121
1209     122
1214     123
1215     124
1216     125
1228     126
1229     127
1231     128
1235     129
1239     130
1242     131
1242     132
1245     133
1246     134
1252     135
1261     136
1268     137
1273     138
1277     139
1283     140
1283     141
1284     142
1290     143
1294     144
1296     145
1296     146
1301     147
1306     148
1307     149
1333     150
1336     151
1337     152
1339     153
1343     154
1343     155
1344     156
1344     157
1354     158
1354     159
1365     160
1372     161
1382     162
1401     163
1415     164
1416     165
1417     166
1419     167
1421     168
1435     169
1435     170
1437     171
1439     172
1451     173
1453     174
1454     175
1456     176
1462     177
1467     178
1468     179
1469     180
1474     181
1474     182
1483     183
1484     184
1488     185
1495     186
1503     187
1507     188
1509     189
1512     190
1521     191
1526     192
1527     193
1530     194
1532     195
1533     196
1533     197
1534     198
1534     199
1540     200
1541     201
1551     202
1558     203
1568     204
1580     205
1583     206
1585     207
1590     208
1591     209
1594     210
1599     211
1602     212
1605     213
1623     214
1627     215
1636     216
1640     217
1653     218
1656     219
1657     220
1658     221
1664     222
1673     223
1681     224
1685     225
1696     226
1712     227
1715     228
1716     229
1716     230
1718     231
1722     232
1722     233
1724     234
1742     235
1752     236
1752     237
1753     238
1756     239
1756     240
1762     241
1766     242
1771     243
1777     244
1781     245
1782     246
1784     247
1789     248
1789     249
1794     250
1795     251
1795     252
1797     253
1799     254
1801     255
1802     256
1803     257
1807     258
1807     259
1810     260
1813     261
1821     262
1828     263
1829     264
1831     265
1832     266
1832     267
1832     268
1834     269
1841     270
1844     271
1844     272
1845     273
1865     274
1871     275
1883     276
1893     277
1898     278
1901     279
1906     280
1906     281
1908     282
1914     283
1915     284
1916     285
1917     286
1917     287
1918     288
1920     289
1922     290
1951     291
1956     292
1959     293
1960     294
1964     295
1965     296
1974     297
1979     298
1980     299
1988     300
1996     301
1998     302
2001     303
2012     304
2018     305
2030     306
2030     307
2034     308
2035     309
2042     310
2048     311
2049     312
2055     313
2059     314
2060     315
2064     316
2066     317
2069     318
2070     319
2078     320
2082     321
2093     322
2098     323
2100     324
2105     325
2110     326
2119     327
2136     328
2140     329
2145     330
2160     331
2167     332
2180     333
2191     334
2196     335
2196     336
2205     337
2208     338
2218     339
2222     340
2237     341
2247     342
2250     343
2251     344
2256     345
2263     346
2269     347
2275     348
2280     349
2287     350
2289     351
2292     352
2300     353
2302     354
2312     355
2319     356
2319     357
2325     358
2328     359
2329     360
2345     361
2348     362
2358     363
2377     364
2382     365
2387     366
2395     367
2399     368
2404     369
2417     370
2439     371
2440     372
2455     373
2457     374
2457     375
2469     376
2479     377
2481     378
2498     379
2511     380
2517     381
2529     382
2546     383
2551     384
2557     385
2558     386
2578     387
2606     388
2626     389
2629     390
2643     391
2657     392
2661     393
2665     394
2673     395
2679     396
2680     397
2686     398
2696     399
2726     400
2732     401
2739     402
2744     403
2772     404
2775     405
2780     406
2787     407
2806     408
2893     409
2895     410
2913     411
2929     412
2929     413
2942     414
2955     415
2963     416
2976     417
2997     418
3012     419
3023     420
3042     421
3089     422
3092     423
3117     424
3148     425
3164     426
3164     427
3189     428
3197     429
3224     430
3231     431
3238     432
3261     433
3300     434
3381     435
3481     436
3519     437
3524     438
3556     439
3568     440
3571     441
3577     442
3667     443
3675     444
3675     445
3687     446
3862     447
3940     448
3946     449
3959     450
4002     451
4054     452
4166     453
4176     454
173     1
233     2
260     3
371     4
388     5
421     6
427     7
428     8
458     9
480     10
481     11
483     12
487     13
488     14
504     15
523     16
540     17
556     18
573     19
576     20
602     21
607     22
614     23
623     24
625     25
627     26
631     27
633     28
649     29
651     30
655     31
660     32
663     33
668     34
680     35
680     36
683     37
689     38
710     39
715     40
716     41
717     42
724     43
725     44
757     45
759     46
760     47
772     48
773     49
776     50
779     51
780     52
787     53
788     54
830     55
836     56
839     57
844     58
857     59
860     60
861     61
880     62
892     63
893     64
901     65
902     66
903     67
903     68
924     69
930     70
932     71
941     72
946     73
951     74
952     75
954     76
964     77
970     78
974     79
979     80
981     81
992     82
994     83
996     84
1002     85
1007     86
1018     87
1020     88
1020     89
1044     90
1050     91
1058     92
1058     93
1065     94
1069     95
1076     96
1083     97
1091     98
1096     99
1100     100
1109     101
1113     102
1119     103
1120     104
1127     105
1132     106
1149     107
1157     108
1161     109
1165     110
1166     111
1166     112
1173     113
1186     114
1192     115
1192     116
1200     117
1202     118
1203     119
1203     120
1208     121
1209     122
1214     123
1215     124
1216     125
1228     126
1229     127
1231     128
1235     129
1239     130
1242     131
1242     132
1245     133
1246     134
1252     135
1261     136
1268     137
1273     138
1277     139
1283     140
1283     141
1284     142
1290     143
1294     144
1296     145
1296     146
1301     147
1306     148
1307     149
1333     150
1336     151
1337     152
1339     153
1343     154
1343     155
1344     156
1344     157
1354     158
1354     159
1365     160
1372     161
1382     162
1401     163
1415     164
1416     165
1417     166
1419     167
1421     168
1435     169
1435     170
1437     171
1439     172
1451     173
1453     174
1454     175
1456     176
1462     177
1467     178
1468     179
1469     180
1474     181
1474     182
1483     183
1484     184
1488     185
1495     186
1503     187
1507     188
1509     189
1512     190
1521     191
1526     192
1527     193
1530     194
1532     195
1533     196
1533     197
1534     198
1534     199
1540     200
1541     201
1551     202
1558     203
1568     204
1580     205
1583     206
1585     207
1590     208
1591     209
1594     210
1599     211
1602     212
1605     213
1623     214
1627     215
1636     216
1640     217
1653     218
1656     219
1657     220
1658     221
1664     222
1673     223
1681     224
1685     225
1696     226
1712     227
1715     228
1716     229
1716     230
1718     231
1722     232
1722     233
1724     234
1742     235
1752     236
1752     237
1753     238
1756     239
1756     240
1762     241
1766     242
1771     243
1777     244
1781     245
1782     246
1784     247
1789     248
1789     249
1794     250
1795     251
1795     252
1797     253
1799     254
1801     255
1802     256
1803     257
1807     258
1807     259
1810     260
1813     261
1821     262
1828     263
1829     264
1831     265
1832     266
1832     267
1832     268
1834     269
1841     270
1844     271
1844     272
1845     273
1865     274
1871     275
1883     276
1893     277
1898     278
1901     279
1906     280
1906     281
1908     282
1914     283
1915     284
1916     285
1917     286
1917     287
1918     288
1920     289
1922     290
1951     291
1956     292
1959     293
1960     294
1964     295
1965     296
1974     297
1979     298
1980     299
1988     300
1996     301
1998     302
2001     303
2012     304
2018     305
2030     306
2030     307
2034     308
2035     309
2042     310
2048     311
2049     312
2055     313
2059     314
2060     315
2064     316
2066     317
2069     318
2070     319
2078     320
2082     321
2093     322
2098     323
2100     324
2105     325
2110     326
2119     327
2136     328
2140     329
2145     330
2160     331
2167     332
2180     333
2191     334
2196     335
2196     336
2205     337
2208     338
2218     339
2222     340
2237     341
2247     342
2250     343
2251     344
2256     345
2263     346
2269     347
2275     348
2280     349
2287     350
2289     351
2292     352
2300     353
2302     354
2312     355
2319     356
2319     357
2325     358
2328     359
2329     360
2345     361
2348     362
2358     363
2377     364
2382     365
2387     366
2395     367
2399     368
2404     369
2417     370
2439     371
2440     372
2455     373
2457     374
2457     375
2469     376
2479     377
2481     378
2498     379
2511     380
2517     381
2529     382
2546     383
2551     384
2557     385
2558     386
2578     387
2606     388
2626     389
2629     390
2643     391
2657     392
2661     393
2665     394
2673     395
2679     396
2680     397
2686     398
2696     399
2726     400
2732     401
2739     402
2744     403
2772     404
2775     405
2780     406
2787     407
2806     408
2893     409
2895     410
2913     411
2929     412
2929     413
2942     414
2955     415
2963     416
2976     417
2997     418
3012     419
3023     420
3042     421
3089     422
3092     423
3117     424
3148     425
3164     426
3164     427
3189     428
3197     429
3224     430
3231     431
3238     432
3261     433
3300     434
3381     435
3481     436
3519     437
3524     438
3556     439
3568     440
3571     441
3577     442
3667     443
3675     444
3675     445
3687     446
3862     447
3940     448
3946     449
3959     450
4002     451
4054     452
4166     453
4176     454
4371     455
4469     456
4509     457
4614     458
4881     459
188     1
229     2
244     3
299     4
303     5
312     6
342     7
355     8
364     9
395     10
413     11
426     12
492     13
495     14
496     15
507     16
509     17
515     18
517     19
524     20
554     21
571     22
580     23
591     24
618     25
639     26
648     27
651     28
654     29
654     30
658     31
660     32
661     33
664     34
670     35
678     36
682     37
685     38
686     39
697     40
706     41
710     42
724     43
732     44
736     45
738     46
742     47
745     48
745     49
750     50
754     51
760     52
773     53
777     54
777     55
777     56
780     57
799     58
808     59
810     60
810     61
822     62
823     63
828     64
837     65
840     66
847     67
864     68
868     69
870     70
883     71
883     72
893     73
899     74
900     75
940     76
960     77
966     78
966     79
971     80
973     81
979     82
986     83
990     84
995     85
1003     86
1008     87
1008     88
1010     89
1010     90
1012     91
1013     92
1017     93
1020     94
1027     95
1033     96
1037     97
1050     98
1056     99
1056     100
1057     101
1060     102
1064     103
1068     104
1069     105
1071     106
1071     107
1075     108
1079     109
1079     110
1089     111
1089     112
1092     113
1098     114
1099     115
1102     116
1103     117
1105     118
1109     119
1113     120
1115     121
1119     122
1119     123
1132     124
1133     125
1136     126
1136     127
1140     128
1144     129
1148     130
1151     131
1152     132
1159     133
1161     134
1163     135
1165     136
1172     137
1174     138
1180     139
1193     140
1193     141
1195     142
1213     143
1218     144
1219     145
1225     146
1227     147
1229     148
1231     149
1233     150
1235     151
1236     152
1237     153
1248     154
1257     155
1259     156
1259     157
1259     158
1273     159
1275     160
1279     161
1282     162
1303     163
1313     164
1315     165
1317     166
1324     167
1337     168
1340     169
1346     170
1348     171
1353     172
1357     173
1358     174
1361     175
1364     176
1365     177
1369     178
1370     179
1372     180
1380     181
1381     182
1381     183
1397     184
1402     185
1407     186
1410     187
1410     188
1413     189
1415     190
1419     191
1432     192
1433     193
1442     194
1454     195
1458     196
1459     197
1460     198
1460     199
1460     200
1463     201
1465     202
1474     203
1478     204
1480     205
1484     206
1485     207
1485     208
1492     209
1493     210
1494     211
1496     212
1500     213
1502     214
1504     215
1508     216
1511     217
1513     218
1519     219
1519     220
1522     221
1526     222
1534     223
1536     224
1538     225
1539     226
1539     227
1539     228
1541     229
1564     230
1564     231
1565     232
1566     233
1567     234
1574     235
1580     236
1582     237
1584     238
1589     239
1589     240
1593     241
1594     242
1597     243
1610     244
1612     245
1623     246
1626     247
1630     248
1634     249
1636     250
1645     251
1654     252
1656     253
1656     254
1659     255
1660     256
1663     257
1664     258
1665     259
1666     260
1683     261
1685     262
1687     263
1688     264
1688     265
1696     266
1701     267
1709     268
1710     269
1734     270
1737     271
1744     272
1745     273
1746     274
1750     275
1753     276
1755     277
1756     278
1757     279
1761     280
1765     281
1766     282
1772     283
1791     284
1799     285
1810     286
1821     287
1821     288
1828     289
1833     290
1842     291
1842     292
1849     293
1851     294
1852     295
1853     296
1857     297
1857     298
1863     299
1866     300
1867     301
1867     302
1895     303
1901     304
1904     305
1908     306
1911     307
1915     308
1918     309
1928     310
1942     311
1944     312
1944     313
1948     314
1959     315
1963     316
1964     317
1975     318
1979     319
1982     320
1986     321
1992     322
2003     323
2009     324
2028     325
2030     326
2042     327
2046     328
2048     329
2049     330
2053     331
2068     332
2084     333
2085     334
2086     335
2086     336
2088     337
2098     338
2099     339
2100     340
2106     341
2125     342
2140     343
2146     344
2153     345
2158     346
2160     347
2163     348
2172     349
2176     350
2199     351
2200     352
2201     353
2201     354
2203     355
2211     356
2212     357
2213     358
2218     359
2220     360
2223     361
2233     362
2235     363
2236     364
2241     365
2241     366
2245     367
2249     368
2262     369
2264     370
2267     371
2286     372
2287     373
2292     374
2297     375
2308     376
2317     377
2320     378
2326     379
2327     380
2341     381
2343     382
2361     383
2362     384
2362     385
2372     386
2379     387
2391     388
2405     389
2409     390
2412     391
2412     392
2423     393
2423     394
2440     395
2446     396
2448     397
2455     398
2477     399
2480     400
2504     401
2509     402
2513     403
2514     404
2523     405
2534     406
2538     407
2543     408
2553     409
2555     410
2559     411
2578     412
2588     413
2590     414
2598     415
2618     416
2621     417
2622     418
2640     419
2642     420
2647     421
2660     422
2680     423
2701     424
2760     425
2770     426
2797     427
2800     428
2804     429
2828     430
2831     431
2833     432
2838     433
2854     434
2855     435
2859     436
2876     437
2897     438
2919     439
2936     440
2938     441
2943     442
2982     443
2996     444
2998     445
3013     446
3027     447
3039     448
3093     449
3097     450
3102     451
3126     452
3127     453
3145     454
3182     455
3184     456
3185     457
3188     458
3193     459
3215     460
3239     461
3261     462
3320     463
3341     464
3364     465
3404     466
3475     467
3514     468
3557     469
3664     470
3678     471
3765     472
3765     473
3867     474
3932     475
4134     476
4169     477
4183     478
4285     479
4344     480
4370     481
4486     482
4919     483
153     1
176     2
180     3
294     4
323     5
331     6
349     7
362     8
367     9
374     10
393     11
413     12
420     13
433     14
444     15
449     16
450     17
461     18
479     19
482     20
499     21
511     22
529     23
531     24
532     25
537     26
540     27
549     28
586     29
590     30
604     31
607     32
608     33
630     34
639     35
646     36
658     37
670     38
675     39
675     40
676     41
677     42
678     43
685     44
687     45
693     46
707     47
718     48
718     49
721     50
732     51
741     52
744     53
744     54
747     55
752     56
765     57
779     58
779     59
780     60
780     61
794     62
797     63
798     64
801     65
809     66
814     67
817     68
824     69
835     70
837     71
841     72
851     73
863     74
865     75
865     76
869     77
872     78
875     79
882     80
886     81
887     82
893     83
904     84
921     85
925     86
925     87
933     88
947     89
950     90
963     91
965     92
967     93
972     94
980     95
986     96
994     97
997     98
998     99
999     100
1002     101
1003     102
1005     103
1015     104
1015     105
1025     106
1029     107
1029     108
1032     109
1034     110
1034     111
1043     112
1048     113
1052     114
1053     115
1054     116
1056     117
1061     118
1064     119
1077     120
1077     121
1078     122
1078     123
1082     124
1084     125
1096     126
1111     127
1113     128
1127     129
1135     130
1141     131
1145     132
1145     133
1157     134
1162     135
1162     136
1167     137
1169     138
1171     139
1173     140
1174     141
1176     142
1179     143
1179     144
1188     145
1195     146
1196     147
1199     148
1205     149
1207     150
1214     151
1214     152
1223     153
1226     154
1227     155
1228     156
1240     157
1245     158
1246     159
1246     160
1246     161
1248     162
1250     163
1272     164
1278     165
1283     166
1283     167
1293     168
1294     169
1295     170
1298     171
1319     172
1320     173
1320     174
1327     175
1331     176
1335     177
1355     178
1356     179
1358     180
1362     181
1370     182
1377     183
1383     184
1391     185
1396     186
1398     187
1399     188
1399     189
1400     190
1403     191
1410     192
1413     193
1419     194
1420     195
1420     196
1424     197
1430     198
1433     199
1446     200
1447     201
1455     202
1458     203
1465     204
1467     205
1471     206
1475     207
1478     208
1486     209
1489     210
1491     211
1500     212
1504     213
1504     214
1529     215
1533     216
1534     217
1535     218
1565     219
1575     220
1579     221
1595     222
1598     223
1601     224
1610     225
1618     226
1621     227
1635     228
1636     229
1646     230
1651     231
1652     232
1654     233
1656     234
1657     235
1658     236
1661     237
1661     238
1662     239
1665     240
1673     241
1676     242
1680     243
1684     244
1690     245
1693     246
1694     247
1698     248
1707     249
1715     250
1718     251
1719     252
1724     253
1724     254
1730     255
1731     256
1734     257
1734     258
1747     259
1752     260
1763     261
1774     262
1774     263
1781     264
1781     265
1781     266
1782     267
1782     268
1797     269
1799     270
1810     271
1816     272
1821     273
1822     274
1823     275
1823     276
1825     277
1827     278
1830     279
1831     280
1840     281
1846     282
1851     283
1853     284
1853     285
1855     286
1858     287
1859     288
1862     289
1870     290
1870     291
1872     292
1874     293
1877     294
1878     295
1879     296
1883     297
1884     298
1885     299
1887     300
1898     301
1898     302
1900     303
1901     304
1906     305
1907     306
1911     307
1912     308
1915     309
1919     310
1923     311
1926     312
1929     313
1933     314
1941     315
1942     316
1944     317
1947     318
1947     319
1948     320
1948     321
1950     322
1957     323
1958     324
1967     325
1970     326
1976     327
1998     328
2010     329
2012     330
2013     331
2014     332
2028     333
2047     334
2053     335
2054     336
2056     337
2061     338
2064     339
2082     340
2086     341
2104     342
2123     343
2133     344
2134     345
2141     346
2142     347
2146     348
2148     349
2149     350
2160     351
2182     352
2190     353
2192     354
2194     355
2216     356
2216     357
2219     358
2234     359
2252     360
2269     361
2270     362
2271     363
2272     364
2273     365
2280     366
2282     367
2315     368
2315     369
2320     370
2325     371
2325     372
2329     373
2342     374
2355     375
2360     376
2361     377
2367     378
2378     379
2389     380
2408     381
2421     382
2426     383
2443     384
2445     385
2454     386
2469     387
2474     388
2476     389
2481     390
2493     391
2493     392
2495     393
2503     394
2507     395
2516     396
2518     397
2529     398
2534     399
2541     400
2547     401
2550     402
2555     403
2558     404
2559     405
2598     406
2657     407
2659     408
2665     409
2687     410
2691     411
2703     412
2703     413
2705     414
2716     415
2727     416
2744     417
2752     418
2755     419
2758     420
2772     421
2774     422
2788     423
2809     424
2848     425
2853     426
2880     427
2901     428
2910     429
2917     430
2937     431
2970     432
2986     433
2995     434
2998     435
2999     436
3018     437
3031     438
3039     439
3042     440
3055     441
3076     442
3079     443
3082     444
3095     445
3098     446
3116     447
3169     448
3174     449
3208     450
3216     451
3231     452
3256     453
3262     454
3277     455
3322     456
3336     457
3397     458
3433     459
3485     460
3530     461
3597     462
3678     463
3687     464
3726     465
3732     466
3734     467
3838     468
3917     469
3933     470
3946     471
4018     472
4066     473
4144     474
4147     475
4180     476
4214     477
4310     478
4515     479
4896     480
430     1
502     2
528     3
539     4
539     5
566     6
568     7
570     8
577     9
582     10
625     11
631     12
650     13
653     14
653     15
657     16
668     17
669     18
672     19
694     20
705     21
706     22
711     23
735     24
743     25
745     26
747     27
756     28
783     29
783     30
791     31
793     32
806     33
818     34
860     35
876     36
880     37
882     38
893     39
898     40
902     41
903     42
914     43
918     44
925     45
931     46
934     47
939     48
940     49
944     50
946     51
948     52
949     53
964     54
971     55
971     56
976     57
986     58
1000     59
1036     60
1038     61
1047     62
1050     63
1056     64
1065     65
1072     66
1075     67
1085     68
1086     69
1087     70
1094     71
1107     72
1112     73
1133     74
1135     75
1136     76
1141     77
1144     78
1149     79
1150     80
1154     81
1154     82
1156     83
1157     84
1169     85
1176     86
1178     87
1178     88
1181     89
1186     90
1197     91
1206     92
1206     93
1210     94
1211     95
1211     96
1219     97
1222     98
1225     99
1227     100
1228     101
1229     102
1233     103
1235     104
1243     105
1244     106
1250     107
1254     108
1258     109
1270     110
1271     111
1273     112
1276     113
1283     114
1288     115
1288     116
1291     117
1291     118
1299     119
1301     120
1304     121
1319     122
1322     123
1337     124
1346     125
1350     126
1358     127
1362     128
1363     129
1364     130
1366     131
1380     132
1380     133
1380     134
1382     135
1387     136
1388     137
1388     138
1391     139
1411     140
1412     141
1416     142
1420     143
1426     144
1431     145
1444     146
1459     147
1478     148
1481     149
1489     150
1500     151
1503     152
1513     153
1514     154
1515     155
1519     156
1522     157
1523     158
1528     159
1528     160
1533     161
1533     162
1534     163
1537     164
1546     165
1547     166
1547     167
1554     168
1555     169
1563     170
1563     171
1565     172
1576     173
1576     174
1584     175
1586     176
1586     177
1590     178
1591     179
1592     180
1595     181
1603     182
1604     183
1607     184
1614     185
1616     186
1616     187
1619     188
1620     189
1622     190
1637     191
1638     192
1639     193
1639     194
1639     195
1645     196
1647     197
1653     198
1666     199
1668     200
1677     201
1683     202
1683     203
1689     204
1692     205
1695     206
1697     207
1699     208
1711     209
1712     210
1720     211
1723     212
1731     213
1733     214
1735     215
1736     216
1742     217
1749     218
1755     219
1759     220
1760     221
1772     222
1774     223
1775     224
1775     225
1789     226
1795     227
1795     228
1797     229
1797     230
1806     231
1810     232
1816     233
1819     234
1823     235
1823     236
1824     237
1827     238
1835     239
1835     240
1841     241
1844     242
1848     243
1858     244
1862     245
1866     246
1867     247
1867     248
1872     249
1883     250
1888     251
1902     252
1903     253
1904     254
1907     255
1912     256
1912     257
1921     258
1929     259
1930     260
1933     261
1934     262
1934     263
1934     264
1934     265
1935     266
1936     267
1940     268
1946     269
1952     270
1952     271
1957     272
1967     273
1977     274
1978     275
1980     276
1986     277
1990     278
1990     279
1992     280
2000     281
2014     282
2015     283
2016     284
2023     285
2038     286
2042     287
2048     288
2050     289
2050     290
2057     291
2062     292
2071     293
2078     294
2078     295
2088     296
2090     297
2093     298
2099     299
2106     300
2112     301
2114     302
2116     303
2120     304
2123     305
2138     306
2139     307
2163     308
2165     309
2170     310
2170     311
2178     312
2179     313
2191     314
2195     315
2196     316
2198     317
2198     318
2201     319
2202     320
2205     321
2209     322
2209     323
2210     324
2214     325
2214     326
2214     327
2216     328
2225     329
2232     330
2237     331
2250     332
2261     333
2264     334
2269     335
2279     336
2282     337
2283     338
2287     339
2300     340
2301     341
2305     342
2306     343
2315     344
2321     345
2339     346
2341     347
2346     348
2347     349
2348     350
2351     351
2353     352
2355     353
2357     354
2365     355
2379     356
2380     357
2383     358
2390     359
2391     360
2401     361
2401     362
2403     363
2409     364
2414     365
2432     366
2439     367
2439     368
2442     369
2443     370
2445     371
2455     372
2456     373
2466     374
2473     375
2474     376
2475     377
2477     378
2483     379
2486     380
2486     381
2494     382
2501     383
2511     384
2522     385
2525     386
2532     387
2547     388
2549     389
2553     390
2560     391
2569     392
2576     393
2589     394
2598     395
2598     396
2601     397
2601     398
2604     399
2633     400
2633     401
2647     402
2660     403
2670     404
2673     405
2677     406
2678     407
2684     408
2689     409
2692     410
2695     411
2698     412
2700     413
2708     414
2721     415
2728     416
2731     417
2734     418
2743     419
2749     420
2749     421
2757     422
2771     423
2777     424
2783     425
2788     426
2792     427
2809     428
2833     429
2834     430
2849     431
2893     432
2927     433
2929     434
2933     435
2934     436
2936     437
2968     438
2969     439
2972     440
2988     441
3006     442
3013     443
3029     444
3030     445
3034     446
3060     447
3077     448
3087     449
3088     450
3095     451
3100     452
3119     453
3120     454
3125     455
3131     456
3148     457
3155     458
3158     459
3182     460
3199     461
3234     462
3238     463
3240     464
3254     465
3267     466
3290     467
3302     468
3348     469
3405     470
3439     471
3447     472
3451     473
3491     474
3492     475
3499     476
3501     477
3511     478
3546     479
3554     480
3627     481
3673     482
3704     483
3706     484
3721     485
3826     486
3844     487
3876     488
3899     489
4208     490
4318     491
4381     492
4549     493
4604     494
173     1
233     2
260     3
371     4
388     5
421     6
427     7
428     8
458     9
480     10
481     11
483     12
487     13
488     14
504     15
523     16
540     17
556     18
573     19
576     20
602     21
607     22
614     23
623     24
625     25
627     26
631     27
633     28
649     29
651     30
655     31
660     32
663     33
668     34
680     35
680     36
683     37
689     38
697     39
715     40
716     41
717     42
724     43
725     44
757     45
759     46
760     47
772     48
773     49
776     50
779     51
780     52
787     53
830     54
836     55
844     56
857     57
860     58
861     59
880     60
888     61
892     62
901     63
902     64
903     65
903     66
924     67
930     68
932     69
941     70
942     71
951     72
952     73
955     74
964     75
974     76
979     77
981     78
992     79
994     80
996     81
1001     82
1005     83
1007     84
1018     85
1024     86
1041     87
1042     88
1044     89
1050     90
1054     91
1058     92
1065     93
1067     94
1067     95
1069     96
1076     97
1083     98
1090     99
1100     100
1109     101
1109     102
1119     103
1122     104
1127     105
1132     106
1138     107
1144     108
1147     109
1148     110
1149     111
1150     112
1152     113
1157     114
1161     115
1167     116
1170     117
1171     118
1173     119
1174     120
1175     121
1186     122
1189     123
1200     124
1208     125
1209     126
1214     127
1223     128
1229     129
1231     130
1242     131
1243     132
1260     133
1260     134
1262     135
1265     136
1268     137
1270     138
1276     139
1277     140
1280     141
1283     142
1284     143
1289     144
1290     145
1293     146
1296     147
1301     148
1310     149
1318     150
1328     151
1338     152
1344     153
1354     154
1365     155
1372     156
1389     157
1392     158
1403     159
1405     160
1408     161
1411     162
1413     163
1415     164
1415     165
1421     166
1431     167
1436     168
1439     169
1445     170
1452     171
1462     172
1464     173
1467     174
1468     175
1470     176
1471     177
1474     178
1477     179
1483     180
1484     181
1488     182
1493     183
1503     184
1509     185
1516     186
1521     187
1522     188
1530     189
1532     190
1533     191
1551     192
1562     193
1564     194
1568     195
1572     196
1572     197
1574     198
1583     199
1584     200
1594     201
1602     202
1605     203
1605     204
1607     205
1623     206
1633     207
1634     208
1634     209
1634     210
1636     211
1640     212
1648     213
1656     214
1658     215
1662     216
1664     217
1664     218
1670     219
1673     220
1674     221
1685     222
1687     223
1691     224
1699     225
1703     226
1705     227
1710     228
1715     229
1722     230
1724     231
1730     232
1734     233
1737     234
1740     235
1742     236
1752     237
1757     238
1782     239
1783     240
1793     241
1800     242
1801     243
1803     244
1807     245
1813     246
1813     247
1821     248
1832     249
1832     250
1838     251
1865     252
1869     253
1870     254
1874     255
1878     256
1879     257
1881     258
1883     259
1888     260
1893     261
1894     262
1906     263
1906     264
1908     265
1910     266
1915     267
1915     268
1917     269
1917     270
1918     271
1919     272
1922     273
1930     274
1930     275
1930     276
1940     277
1942     278
1948     279
1953     280
1956     281
1958     282
1959     283
1961     284
1964     285
1971     286
1979     287
1979     288
1982     289
1989     290
1991     291
1994     292
2012     293
2020     294
2025     295
2036     296
2039     297
2042     298
2044     299
2048     300
2059     301
2061     302
2064     303
2067     304
2087     305
2089     306
2091     307
2098     308
2100     309
2101     310
2104     311
2110     312
2116     313
2130     314
2132     315
2135     316
2136     317
2139     318
2140     319
2145     320
2154     321
2167     322
2173     323
2184     324
2187     325
2197     326
2198     327
2201     328
2202     329
2205     330
2218     331
2223     332
2228     333
2235     334
2239     335
2244     336
2250     337
2254     338
2257     339
2258     340
2269     341
2271     342
2273     343
2279     344
2287     345
2287     346
2308     347
2329     348
2333     349
2340     350
2345     351
2352     352
2363     353
2376     354
2379     355
2393     356
2415     357
2415     358
2415     359
2421     360
2430     361
2430     362
2439     363
2454     364
2457     365
2458     366
2461     367
2482     368
2488     369
2488     370
2496     371
2514     372
2515     373
2517     374
2532     375
2542     376
2549     377
2552     378
2578     379
2606     380
2632     381
2657     382
2685     383
2692     384
2692     385
2696     386
2705     387
2719     388
2720     389
2722     390
2736     391
2751     392
2757     393
2763     394
2763     395
2765     396
2775     397
2781     398
2783     399
2787     400
2812     401
2819     402
2826     403
2845     404
2879     405
2881     406
2898     407
2901     408
2918     409
2930     410
2934     411
2936     412
2942     413
2945     414
2965     415
2976     416
2979     417
2981     418
2991     419
3008     420
3090     421
3098     422
3110     423
3148     424
3158     425
3164     426
3164     427
3187     428
3189     429
3197     430
3213     431
3231     432
3234     433
3261     434
3280     435
3292     436
3315     437
3416     438
3479     439
3536     440
3543     441
3548     442
3552     443
3611     444
3652     445
3675     446
3675     447
3712     448
3715     449
3788     450
3796     451
3803     452
3869     453
3877     454
3946     455
4119     456
4176     457
4335     458
4496     459
4849     460
4868     461
188     1
229     2
244     3
299     4
303     5
312     6
342     7
355     8
364     9
395     10
413     11
426     12
492     13
495     14
496     15
507     16
515     17
524     18
554     19
560     20
571     21
580     22
587     23
591     24
618     25
639     26
648     27
651     28
654     29
654     30
658     31
659     32
660     33
661     34
664     35
670     36
678     37
685     38
686     39
697     40
706     41
710     42
723     43
724     44
738     45
745     46
750     47
754     48
754     49
760     50
773     51
774     52
777     53
777     54
778     55
780     56
782     57
799     58
808     59
810     60
820     61
823     62
837     63
840     64
840     65
847     66
864     67
870     68
883     69
883     70
893     71
900     72
937     73
960     74
966     75
966     76
966     77
971     78
973     79
979     80
986     81
995     82
1003     83
1007     84
1008     85
1008     86
1009     87
1010     88
1013     89
1016     90
1027     91
1037     92
1048     93
1050     94
1055     95
1057     96
1058     97
1061     98
1064     99
1072     100
1079     101
1079     102
1089     103
1089     104
1097     105
1098     106
1099     107
1105     108
1113     109
1117     110
1119     111
1132     112
1133     113
1135     114
1136     115
1138     116
1142     117
1144     118
1145     119
1145     120
1148     121
1151     122
1152     123
1155     124
1159     125
1163     126
1167     127
1172     128
1180     129
1182     130
1189     131
1193     132
1195     133
1195     134
1208     135
1213     136
1218     137
1219     138
1225     139
1227     140
1228     141
1231     142
1235     143
1236     144
1238     145
1246     146
1248     147
1250     148
1250     149
1254     150
1259     151
1259     152
1264     153
1265     154
1273     155
1275     156
1275     157
1279     158
1282     159
1287     160
1297     161
1300     162
1303     163
1308     164
1315     165
1317     166
1318     167
1324     168
1331     169
1337     170
1347     171
1353     172
1354     173
1358     174
1360     175
1362     176
1364     177
1370     178
1372     179
1373     180
1377     181
1381     182
1381     183
1394     184
1404     185
1407     186
1410     187
1411     188
1415     189
1419     190
1423     191
1433     192
1448     193
1454     194
1459     195
1460     196
1463     197
1465     198
1475     199
1485     200
1492     201
1494     202
1496     203
1498     204
1500     205
1504     206
1508     207
1511     208
1513     209
1513     210
1519     211
1520     212
1525     213
1534     214
1538     215
1539     216
1539     217
1541     218
1543     219
1548     220
1550     221
1553     222
1564     223
1565     224
1567     225
1568     226
1569     227
1574     228
1576     229
1584     230
1589     231
1592     232
1593     233
1595     234
1598     235
1601     236
1601     237
1605     238
1605     239
1610     240
1610     241
1610     242
1611     243
1611     244
1612     245
1617     246
1626     247
1632     248
1633     249
1634     250
1635     251
1637     252
1649     253
1654     254
1656     255
1661     256
1663     257
1666     258
1671     259
1676     260
1685     261
1688     262
1701     263
1703     264
1704     265
1705     266
1706     267
1709     268
1710     269
1719     270
1734     271
1737     272
1742     273
1743     274
1743     275
1745     276
1755     277
1761     278
1763     279
1763     280
1766     281
1770     282
1772     283
1775     284
1779     285
1788     286
1791     287
1795     288
1801     289
1804     290
1828     291
1842     292
1849     293
1851     294
1851     295
1853     296
1855     297
1857     298
1857     299
1863     300
1867     301
1867     302
1868     303
1869     304
1870     305
1890     306
1890     307
1895     308
1901     309
1903     310
1908     311
1918     312
1925     313
1928     314
1930     315
1937     316
1948     317
1959     318
1964     319
1971     320
1992     321
2008     322
2011     323
2015     324
2016     325
2017     326
2022     327
2034     328
2038     329
2042     330
2056     331
2062     332
2064     333
2073     334
2084     335
2085     336
2086     337
2087     338
2088     339
2112     340
2117     341
2128     342
2140     343
2153     344
2154     345
2158     346
2160     347
2163     348
2171     349
2172     350
2177     351
2178     352
2188     353
2189     354
2199     355
2200     356
2200     357
2201     358
2205     359
2211     360
2212     361
2213     362
2214     363
2215     364
2220     365
2236     366
2241     367
2250     368
2257     369
2257     370
2264     371
2280     372
2286     373
2292     374
2297     375
2312     376
2320     377
2343     378
2358     379
2361     380
2362     381
2372     382
2372     383
2373     384
2383     385
2392     386
2402     387
2405     388
2418     389
2423     390
2431     391
2440     392
2440     393
2444     394
2448     395
2450     396
2457     397
2459     398
2480     399
2490     400
2523     401
2527     402
2543     403
2565     404
2567     405
2567     406
2570     407
2573     408
2588     409
2590     410
2598     411
2606     412
2608     413
2635     414
2647     415
2650     416
2664     417
2665     418
2706     419
2718     420
2757     421
2770     422
2795     423
2796     424
2819     425
2829     426
2831     427
2832     428
2845     429
2846     430
2859     431
2862     432
2873     433
2896     434
2897     435
2907     436
2917     437
2933     438
2936     439
2938     440
2982     441
2996     442
3001     443
3027     444
3083     445
3164     446
3168     447
3185     448
3188     449
3196     450
3204     451
3261     452
3341     453
3345     454
3351     455
3425     456
3491     457
3525     458
3525     459
3528     460
3571     461
3581     462
3720     463
3742     464
3752     465
3755     466
3768     467
3787     468
3814     469
3867     470
4073     471
4134     472
4186     473
4344     474
4370     475
4422     476
4448     477
4486     478
4527     479
4582     480
4587     481
4645     482
4696     483
430     1
502     2
528     3
539     4
539     5
566     6
568     7
570     8
577     9
582     10
625     11
631     12
650     13
653     14
653     15
657     16
668     17
669     18
672     19
694     20
705     21
706     22
711     23
735     24
743     25
745     26
747     27
756     28
783     29
783     30
791     31
793     32
806     33
818     34
860     35
876     36
880     37
882     38
893     39
898     40
902     41
903     42
914     43
918     44
925     45
931     46
934     47
939     48
940     49
944     50
946     51
948     52
949     53
964     54
971     55
971     56
976     57
986     58
1000     59
1036     60
1038     61
1047     62
1050     63
1056     64
1065     65
1072     66
1075     67
1085     68
1086     69
1087     70
1094     71
1107     72
1112     73
1133     74
1135     75
1136     76
1141     77
1144     78
1149     79
1150     80
1154     81
1154     82
1156     83
1157     84
1169     85
1176     86
1178     87
1178     88
1181     89
1186     90
1197     91
1206     92
1206     93
1210     94
1211     95
1211     96
1219     97
1222     98
1225     99
1227     100
1228     101
1229     102
1233     103
1235     104
1243     105
1244     106
1250     107
1254     108
1258     109
1270     110
1271     111
1273     112
1276     113
1283     114
1288     115
1288     116
1291     117
1291     118
1299     119
1301     120
1304     121
1319     122
1322     123
1337     124
1346     125
1350     126
1358     127
1362     128
1363     129
1364     130
1366     131
1380     132
1380     133
1380     134
1382     135
1387     136
1388     137
1388     138
1391     139
1411     140
1412     141
1416     142
1420     143
1426     144
1431     145
1444     146
1459     147
1478     148
1481     149
1489     150
1500     151
1503     152
1513     153
1514     154
1515     155
1519     156
1522     157
1523     158
1528     159
1528     160
1533     161
1533     162
1534     163
1537     164
1546     165
1547     166
1547     167
1554     168
1555     169
1563     170
1563     171
1565     172
1576     173
1576     174
1584     175
1586     176
1586     177
1590     178
1591     179
1592     180
1595     181
1603     182
1604     183
1607     184
1614     185
1616     186
1616     187
1619     188
1620     189
1622     190
1637     191
1638     192
1639     193
1639     194
1639     195
1645     196
1647     197
1653     198
1666     199
1668     200
1677     201
1683     202
1683     203
1689     204
1692     205
1695     206
1697     207
1699     208
1711     209
1712     210
1720     211
1723     212
1731     213
1733     214
1735     215
1736     216
1742     217
1749     218
1755     219
1759     220
1760     221
1772     222
1774     223
1775     224
1775     225
1789     226
1795     227
1795     228
1797     229
1797     230
1806     231
1810     232
1816     233
1819     234
1823     235
1823     236
1824     237
1827     238
1835     239
1835     240
1841     241
1844     242
1848     243
1858     244
1862     245
1866     246
1867     247
1867     248
1872     249
1883     250
1888     251
1902     252
1903     253
1904     254
1907     255
1912     256
1912     257
1921     258
1929     259
1930     260
1933     261
1934     262
1934     263
1934     264
1934     265
1935     266
1936     267
1940     268
1946     269
1952     270
1952     271
1957     272
1967     273
1977     274
1978     275
1980     276
1986     277
1990     278
1990     279
1992     280
2000     281
2014     282
2015     283
2016     284
2023     285
2038     286
2042     287
2048     288
2050     289
2050     290
2057     291
2062     292
2071     293
2078     294
2078     295
2088     296
2090     297
2093     298
2099     299
2106     300
2112     301
2114     302
2116     303
2120     304
2123     305
2138     306
2139     307
2163     308
2165     309
2170     310
2170     311
2178     312
2179     313
2191     314
2195     315
2196     316
2198     317
2198     318
2201     319
2202     320
2205     321
2209     322
2209     323
2210     324
2214     325
2214     326
2214     327
2216     328
2225     329
2232     330
2237     331
2250     332
2261     333
2264     334
2269     335
2279     336
2282     337
2283     338
2287     339
2300     340
2301     341
2305     342
2306     343
2315     344
2321     345
2339     346
2341     347
2346     348
2347     349
2348     350
2351     351
2353     352
2355     353
2357     354
2365     355
2379     356
2380     357
2383     358
2390     359
2391     360
2401     361
2401     362
2403     363
2409     364
2414     365
2432     366
2439     367
2439     368
2442     369
2443     370
2445     371
2455     372
2456     373
2466     374
2473     375
2474     376
2475     377
2477     378
2483     379
2486     380
2486     381
2494     382
2501     383
2511     384
2522     385
2525     386
2532     387
2547     388
2549     389
2553     390
2560     391
2569     392
2576     393
2589     394
2598     395
2598     396
2601     397
2601     398
2604     399
2633     400
2633     401
2647     402
2660     403
2670     404
2673     405
2677     406
2678     407
2684     408
2689     409
2692     410
2695     411
2698     412
2700     413
2708     414
2721     415
2728     416
2731     417
2734     418
2743     419
2749     420
2749     421
2757     422
2771     423
2777     424
2783     425
2788     426
2792     427
2809     428
2833     429
2834     430
2849     431
2893     432
2927     433
2929     434
2933     435
2934     436
2936     437
2968     438
2969     439
2972     440
2988     441
3006     442
3013     443
3029     444
3030     445
3034     446
3060     447
3077     448
3087     449
3088     450
3095     451
3100     452
3119     453
3120     454
3125     455
3131     456
3148     457
3155     458
3158     459
3182     460
3199     461
3234     462
3238     463
3240     464
3254     465
3267     466
3290     467
3302     468
3348     469
3405     470
3439     471
3447     472
3451     473
3491     474
3492     475
3499     476
3501     477
3511     478
3546     479
3554     480
3627     481
3673     482
3704     483
3706     484
3721     485
3826     486
3844     487
3876     488
3899     489
4208     490
4318     491
4381     492
4549     493
4604     494
188     1
229     2
244     3
299     4
303     5
312     6
342     7
355     8
364     9
395     10
413     11
426     12
492     13
495     14
496     15
507     16
515     17
524     18
554     19
560     20
571     21
580     22
587     23
591     24
618     25
639     26
648     27
651     28
654     29
654     30
658     31
659     32
660     33
661     34
664     35
670     36
678     37
685     38
686     39
697     40
706     41
710     42
723     43
724     44
738     45
745     46
750     47
754     48
754     49
760     50
773     51
774     52
777     53
777     54
778     55
780     56
782     57
799     58
808     59
810     60
820     61
823     62
837     63
840     64
840     65
847     66
864     67
870     68
883     69
883     70
893     71
900     72
937     73
960     74
966     75
966     76
966     77
971     78
973     79
979     80
986     81
995     82
1003     83
1007     84
1008     85
1008     86
1009     87
1010     88
1013     89
1016     90
1027     91
1037     92
1048     93
1050     94
1055     95
1057     96
1058     97
1061     98
1064     99
1072     100
1079     101
1079     102
1089     103
1089     104
1097     105
1098     106
1099     107
1105     108
1113     109
1117     110
1119     111
1132     112
1133     113
1135     114
1136     115
1138     116
1142     117
1144     118
1145     119
1145     120
1148     121
1151     122
1152     123
1155     124
1159     125
1163     126
1167     127
1172     128
1180     129
1182     130
1189     131
1193     132
1195     133
1195     134
1208     135
1213     136
1218     137
1219     138
1225     139
1227     140
1228     141
1231     142
1235     143
1236     144
1238     145
1246     146
1248     147
1250     148
1250     149
1254     150
1259     151
1259     152
1264     153
1265     154
1273     155
1275     156
1275     157
1279     158
1282     159
1287     160
1297     161
1300     162
1303     163
1308     164
1315     165
1317     166
1318     167
1324     168
1331     169
1337     170
1347     171
1353     172
1354     173
1358     174
1360     175
1362     176
1364     177
1370     178
1372     179
1373     180
1377     181
1381     182
1381     183
1394     184
1404     185
1407     186
1410     187
1411     188
1415     189
1419     190
1423     191
1433     192
1448     193
1454     194
1459     195
1460     196
1463     197
1465     198
1475     199
1485     200
1492     201
1494     202
1496     203
1498     204
1500     205
1504     206
1508     207
1511     208
1513     209
1513     210
1519     211
1520     212
1525     213
1534     214
1538     215
1539     216
1539     217
1541     218
1543     219
1548     220
1550     221
1553     222
1564     223
1565     224
1567     225
1568     226
1569     227
1574     228
1576     229
1584     230
1589     231
1592     232
1593     233
1595     234
1598     235
1601     236
1601     237
1605     238
1605     239
1610     240
1610     241
1610     242
1611     243
1611     244
1612     245
1617     246
1626     247
1632     248
1633     249
1634     250
1635     251
1637     252
1649     253
1654     254
1656     255
1661     256
1663     257
1666     258
1671     259
1676     260
1685     261
1688     262
1701     263
1703     264
1704     265
1705     266
1706     267
1709     268
1710     269
1719     270
1734     271
1737     272
1742     273
1743     274
1743     275
1745     276
1755     277
1761     278
1763     279
1763     280
1766     281
1770     282
1772     283
1775     284
1779     285
1788     286
1791     287
1795     288
1801     289
1804     290
1828     291
1842     292
1849     293
1851     294
1851     295
1853     296
1855     297
1857     298
1857     299
1863     300
1867     301
1867     302
1868     303
1869     304
1870     305
1890     306
1890     307
1895     308
1901     309
1903     310
1908     311
1918     312
1925     313
1928     314
1930     315
1937     316
1948     317
1959     318
1964     319
1971     320
1992     321
2008     322
2011     323
2015     324
2016     325
2017     326
2022     327
2034     328
2038     329
2042     330
2056     331
2062     332
2064     333
2073     334
2084     335
2085     336
2086     337
2087     338
2088     339
2112     340
2117     341
2128     342
2140     343
2153     344
2154     345
2158     346
2160     347
2163     348
2171     349
2172     350
2177     351
2178     352
2188     353
2189     354
2199     355
2200     356
2200     357
2201     358
2205     359
2211     360
2212     361
2213     362
2214     363
2215     364
2220     365
2236     366
2241     367
2250     368
2257     369
2257     370
2264     371
2280     372
2286     373
2292     374
2297     375
2312     376
2320     377
2343     378
2358     379
2361     380
2362     381
2372     382
2372     383
2373     384
2383     385
2392     386
2402     387
2405     388
2418     389
2423     390
2431     391
2440     392
2440     393
2444     394
2448     395
2450     396
2457     397
2459     398
2480     399
2490     400
2523     401
2527     402
2543     403
2565     404
2567     405
2567     406
2570     407
2573     408
2588     409
2590     410
2598     411
2606     412
2608     413
2635     414
2647     415
2650     416
2664     417
2665     418
2706     419
2718     420
2757     421
2770     422
2795     423
2796     424
2819     425
2829     426
2831     427
2832     428
2845     429
2846     430
2859     431
2862     432
2873     433
2896     434
2897     435
2907     436
2917     437
2933     438
2936     439
2938     440
2982     441
2996     442
3001     443
3027     444
3083     445
3164     446
3168     447
3185     448
3188     449
3196     450
3204     451
3261     452
3341     453
3345     454
3351     455
3425     456
3491     457
3525     458
3525     459
3528     460
3571     461
3581     462
3720     463
3742     464
3752     465
3755     466
3768     467
3787     468
3814     469
3867     470
4073     471
4134     472
4186     473
4344     474
4370     475
4422     476
4448     477
4486     478
4527     479
4582     480
4587     481
4645     482
4696     483
