116     1
157     2
218     3
218     4
280     5
306     6
317     7
346     8
351     9
413     10
415     11
453     12
463     13
464     14
501     15
503     16
510     17
514     18
514     19
523     20
532     21
537     22
550     23
557     24
557     25
558     26
559     27
638     28
669     29
681     30
683     31
684     32
721     33
767     34
769     35
774     36
776     37
786     38
790     39
791     40
808     41
812     42
815     43
817     44
818     45
821     46
828     47
838     48
841     49
849     50
866     51
869     52
870     53
878     54
883     55
888     56
892     57
893     58
900     59
913     60
917     61
919     62
919     63
927     64
942     65
946     66
954     67
955     68
958     69
960     70
961     71
963     72
963     73
971     74
974     75
979     76
986     77
986     78
1002     79
1004     80
1011     81
1013     82
1019     83
1023     84
1024     85
1027     86
1033     87
1036     88
1045     89
1047     90
1060     91
1064     92
1067     93
1067     94
1071     95
1072     96
1083     97
1105     98
1107     99
1111     100
1113     101
1117     102
1118     103
1124     104
1124     105
1125     106
1137     107
1144     108
1147     109
1149     110
1150     111
1151     112
1152     113
1156     114
1180     115
1181     116
1199     117
1200     118
1201     119
1211     120
1213     121
1217     122
1219     123
1221     124
1231     125
1232     126
1234     127
1236     128
1249     129
1250     130
1252     131
1273     132
1276     133
1285     134
1290     135
1298     136
1300     137
1302     138
1305     139
1306     140
1312     141
1317     142
1319     143
1324     144
1330     145
1341     146
1342     147
1342     148
1343     149
1345     150
1351     151
1359     152
1359     153
1362     154
1364     155
1371     156
1381     157
1383     158
1389     159
1392     160
1394     161
1409     162
1412     163
1418     164
1420     165
1427     166
1430     167
1441     168
1443     169
1443     170
1445     171
1452     172
1452     173
1453     174
1454     175
1465     176
1483     177
1495     178
1495     179
1497     180
1503     181
1508     182
1510     183
1532     184
1536     185
1547     186
1552     187
1554     188
1555     189
1556     190
1563     191
1563     192
1565     193
1575     194
1580     195
1582     196
1589     197
1590     198
1591     199
1597     200
1606     201
1607     202
1620     203
1627     204
1630     205
1633     206
1634     207
1634     208
1643     209
1644     210
1645     211
1645     212
1649     213
1664     214
1666     215
1667     216
1667     217
1684     218
1686     219
1691     220
1699     221
1704     222
1704     223
1714     224
1719     225
1721     226
1726     227
1734     228
1740     229
1741     230
1745     231
1756     232
1757     233
1760     234
1764     235
1764     236
1765     237
1770     238
1778     239
1784     240
1785     241
1792     242
1794     243
1796     244
1797     245
1805     246
1805     247
1808     248
1813     249
1818     250
1820     251
1828     252
1845     253
1847     254
1861     255
1862     256
1863     257
1874     258
1890     259
1894     260
1905     261
1910     262
1911     263
1914     264
1916     265
1917     266
1923     267
1929     268
1933     269
1933     270
1946     271
1953     272
1958     273
1959     274
1965     275
1968     276
1972     277
1979     278
1986     279
1990     280
1997     281
2003     282
2006     283
2015     284
2025     285
2035     286
2038     287
2045     288
2050     289
2055     290
2057     291
2063     292
2068     293
2072     294
2080     295
2083     296
2084     297
2086     298
2086     299
2091     300
2095     301
2108     302
2121     303
2132     304
2132     305
2134     306
2139     307
2146     308
2147     309
2147     310
2150     311
2162     312
2165     313
2169     314
2174     315
2177     316
2186     317
2187     318
2187     319
2189     320
2193     321
2204     322
2208     323
2210     324
2212     325
2213     326
2217     327
2217     328
2230     329
2232     330
2235     331
2236     332
2237     333
2240     334
2242     335
2249     336
2267     337
2273     338
2278     339
2280     340
2283     341
2288     342
2288     343
2303     344
2310     345
2325     346
2326     347
2326     348
2350     349
2362     350
2364     351
2369     352
2371     353
2381     354
2388     355
2393     356
2396     357
2400     358
2400     359
2406     360
2408     361
2416     362
2435     363
2438     364
2441     365
2441     366
2452     367
2454     368
2465     369
2468     370
2471     371
2472     372
2478     373
2479     374
2484     375
2489     376
2498     377
2517     378
2522     379
2524     380
2528     381
2535     382
2541     383
2556     384
2586     385
2588     386
2590     387
2611     388
2616     389
2627     390
2634     391
2636     392
2636     393
2642     394
2643     395
2644     396
2676     397
2677     398
2680     399
2690     400
2695     401
2701     402
2717     403
2717     404
2722     405
2725     406
2729     407
2744     408
2747     409
2749     410
2759     411
2772     412
2783     413
2794     414
2803     415
2831     416
2833     417
2847     418
2854     419
2860     420
2897     421
2929     422
2937     423
2956     424
2958     425
2977     426
2996     427
3018     428
3025     429
3028     430
3029     431
3090     432
3113     433
3114     434
3136     435
3144     436
3188     437
3189     438
3189     439
3202     440
3203     441
3215     442
3237     443
3245     444
3248     445
3249     446
3260     447
3272     448
3286     449
3286     450
3295     451
3321     452
3343     453
3355     454
3388     455
3391     456
3392     457
3405     458
3415     459
3420     460
3502     461
3502     462
3530     463
3547     464
3776     465
3868     466
3882     467
3962     468
3980     469
4096     470
4146     471
4260     472
4663     473
4791     474
